-0.03325
-0.0313375
-0.0314
-0.03185
-0.031700000000000006
-0.027037500000000003
-0.024037499999999996
-0.022862499999999997
-0.025287499999999997
-0.025875
-0.0243625
-0.0228125
-0.0250375
-0.0235625
-0.023087499999999997
-0.0238625
-0.0243375
-0.0207
-0.0214625
-0.023237499999999998
-0.021199999999999997
-0.021612499999999996
-0.0222875
-0.022574999999999994
-0.01795
-0.021325
-0.016924999999999996
-0.016349999999999993
-0.021324999999999997
-0.019549999999999998
-0.026574999999999998
-0.024199999999999996
-0.026775
-0.020199999999999996
-0.028337499999999998
-0.016324999999999996
-0.020999999999999998
-0.0223125
-0.018212499999999996
-0.018599999999999995
-0.015062499999999994
-0.015437499999999996
-0.015437499999999993
-0.015912499999999996
-0.01765
-0.025137499999999997
-0.027662499999999993
-0.0321375
-0.022487499999999997
-0.017637499999999997
-0.021112499999999996
-0.018112499999999997
